61,4
4294967278,372
4294967278,305
4294967278,371
4294967279,545
4294967294,163
4294967279,543
4294967278,61
4294967278,60
4294967278,55
4294967278,54
4294967278,53
4294967278,48
4294967278,47
4294967278,46
4294967278,45
4294967278,42
4294967278,40
4294967278,39
4294967278,35
4294967278,34
4294967278,33
4294967278,32
4294967278,31
4294967278,27
4294967278,26
4294967278,25
4294967278,24
4294967278,23
4294967278,22
4294967278,260
4294967278,274
4294967278,21
4294967278,20
4294967278,19
4294967278,18
4294967278,17
4294967278,282
4294967278,16
4294967278,15
4294967278,14
4294967278,13
4294967278,12
4294967279,518
4294967278,395
4294967278,346
4294967278,0
4294967279,329
4294967278,370
4294967279,307
4294967278,301
4294967279,306
4294967278,189
191,5
191,4
191,3
191,2
191,1
4294967279,303
4294967278,348
4294967279,540
4294967278,182
190,5
4294967278,181
190,4
190,3
190,2
190,1
4294967279,328
4294967279,181
4294967278,345
4294967279,327
4294967279,302
4294967278,378
4294967278,59
189,5
189,4
189,3
189,2
189,1
4294967278,57
4294967278,58
4294967278,56
4294967279,169
4294967278,52
188,4
188,3
188,2
188,1
4294967278,294
4294967279,326
4294967278,50
4294967278,51
187,7
4294967278,49
187,6
4294967278,291
187,5
187,4
187,3
187,2
187,1
4294967279,325
4294967278,44
4294967279,530
4294967278,43
4294967278,41
4294967278,376
4294967279,311
186,4
186,3
186,2
186,1
4294967279,324
4294967278,38
4294967278,37
4294967278,36
185,6
185,5
4294967278,144
185,4
4294967279,144
185,3
185,2
185,1
4294967294,393
4294967294,390
4294967278,30
4294967294,395
4294967294,409
4294967294,419
4294967294,1086
4294967294,407
4294967294,1244
4294967294,179
4294967294,1083
4294967294,415
4294967294,398
4294967294,167
4294967294,420
4294967294,168
4294967294,403
4294967294,406
4294967294,464
4294967294,466
4294967294,451
4294967294,169
4294967294,458
4294967278,29
4294967278,28
184,5
184,4
184,3
184,2
184,1
4294967279,134
4294967279,274
183,4
4294967278,270
183,3
183,2
183,1
4294967279,323
4294967278,267
4294967279,555
4294967279,282
4294967278,323
182,4
182,3
182,2
182,1
4294967294,1432
4294967278,276
4294967278,262
4294967279,281
181,6
4294967278,257
181,5
4294967279,259
181,4
4294967278,324
181,3
181,2
181,1
4294967278,361
4294967294,1425
4294967294,1433
4294967294,1242
4294967278,322
4294967279,552
4294967278,383
4294967278,359
4294967279,570
4294967278,256
4294967278,357
180,5
4294967278,382
180,4
180,3
180,2
180,1
4294967278,356
4294967278,355
4294967279,252
4294967279,83
4294967279,80
4294967279,79
4294967279,77
4294967279,76
4294967279,74
4294967278,249
4294967279,73
4294967279,72
4294967279,70
4294967279,68
4294967279,67
4294967279,65
4294967279,63
4294967279,62
4294967279,61
4294967279,59
4294967279,57
4294967279,56
4294967279,55
4294967279,54
4294967279,53
4294967279,52
4294967279,50
4294967279,48
4294967279,45
4294967279,44
4294967279,42
4294967279,41
4294967279,39
4294967279,38
4294967279,37
4294967279,35
4294967279,32
4294967279,31
4294967278,244
4294967294,61
4294967294,1156
4294967294,1085
4294967294,1084
4294967294,1082
4294967294,1081
4294967294,1080
4294967294,1079
4294967294,1076
4294967294,1077
4294967294,1158
4294967294,1157
4294967294,1074
4294967294,1070
4294967294,1067
4294967294,1065
4294967294,1154
4294967294,1152
4294967294,1153
4294967294,1155
4294967294,388
4294967294,401
4294967294,185
4294967294,182
4294967294,176
4294967294,173
4294967294,170
4294967294,1163
4294967294,190
4294967294,162
4294967294,1160
4294967279,88
4294967279,243
4294967279,237
4294967278,236
4294967279,236
179,5
4294967278,234
179,4
179,2
179,1
4294967278,232
4294967278,231
4294967278,229
4294967278,227
4294967278,215
4294967278,174
4294967278,222
4294967278,220
178,5
178,4
4294967278,218
178,3
178,2
178,1
4294967278,217
4294967294,115
4294967278,394
4294967278,213
4294967278,393
4294967279,213
4294967279,565
177,5
177,4
177,3
177,2
177,1
4294967279,207
4294967278,205
4294967278,204
4294967278,203
176,4
176,3
176,2
176,1
4294967279,312
4294967278,304
175,7
175,6
4294967278,199
4294967279,200
4294967278,198
175,5
175,4
4294967278,197
175,2
175,1
4294967278,351
4294967279,198
4294967279,544
4294967278,350
4294967278,194
4294967278,381
4294967279,561
4294967279,195
4294967279,194
4294967278,192
174,4
4294967278,191
174,3
174,2
174,1
4294967278,300
4294967278,190
4294967279,322
4294967278,299
4294967278,188
4294967278,187
4294967279,188
4294967278,186
173,6
4294967279,187
173,5
173,4
173,3
173,2
173,1
4294967279,527
4294967279,185
4294967278,347
4294967279,321
4294967279,539
4294967278,392
4294967278,379
4294967279,320
4294967278,180
4294967278,179
4294967278,178
172,5
4294967279,179
172,4
4294967278,177
172,3
172,2
172,1
4294967278,368
4294967278,176
4294967279,537
4294967278,344
4294967278,377
4294967279,536
4294967279,560
4294967294,387
4294967279,171
171,4
171,3
171,2
171,1
4294967294,120
4294967278,342
170,4
170,3
170,2
170,1
4294967294,1248
4294967294,161
4294967294,1159
4294967294,1073
4294967294,1075
4294967294,1069
4294967294,1066
4294967294,422
4294967294,46
169,6
169,5
169,4
169,3
169,2
169,1
4294967294,430
4294967278,313
4294967279,157
4294967279,294
4294967278,338
4294967279,531
4294967294,89
168,5
168,4
168,3
168,2
168,1
4294967294,1431
4294967279,529
4294967294,40
4294967294,38
4294967294,37
4294967278,149
4294967278,336
4294967279,525
4294967278,335
4294967279,526
102,5
4294967278,363
4294967279,556
4294967278,286
4294967279,138
4294967279,276
4294967278,328
4294967278,268
167,4
167,3
167,2
167,1
4294967278,279
166,4
166,3
166,2
166,1
4294967279,285
4294967278,263
4294967279,265
165,4
165,3
165,2
165,1
0,7
4294967278,326
4294967294,413
4294967279,538
4294967279,517
4294967278,325
4294967294,1068
4294967294,1087
4294967294,2
4294967294,0
4294967294,107
4294967294,92
4294967294,91
4294967294,90
4294967294,88
4294967294,87
4294967294,86
4294967294,85
4294967294,84
4294967294,1246
4294967294,29
